Date,UserA,UserB,UserC,UserD
1,11,39,23,27
2,12,38,21,29
3,33,17,10,40
4,24,36,16,24
5,36,14,17,33
6,24,26,19,31
7,41,9,32,18
8,25,25,27,23
1,12,38,11,39
2,21,39,11,29
3,37,13,12,38
4,29,41,15,15
1,13,14,27,46
2,23,37,3,37
3,31,19,21,29
4,26,24,10,40
5,35,40,10,15
6,12,38,9,41
7,34,16,11,39
